->Opening file /eos/cms/store/user/amarini/GluGlu_HToMuMu_M125_13TeV_powheg_pythia8/FastSim_94X-MINIAODSIM/local/step2_1002.root
124.99922963
125.002319958
125.00158667
125.000220138
125.00093143
125.001416705
125.001058658
124.996570801
124.998138137
125.0044628
124.99992279
125.003010263
125.001146533
124.997497558
124.993708521
124.991370143
124.994025474
124.997021213
124.998982349
124.992825054
125.001892384
125.000878714
125.00073667
124.987531414
125.000088436
125.003363839
124.995943913
125.000521678
124.994272243
125.009278603
124.99795589
124.997257918
125.00039806
125.000049811
125.001684058
125.014048303
124.993727703
125.004631722
124.998497911
125.001018192
125.007542143
125.009641507
125.001495363
124.998162976
125.016078791
124.992175064
125.005029851
125.00019632
125.00174273
124.99809077
124.999027606
124.997100668
125.000822117
124.996996367
125.003007281
124.98657539
124.959592954
125.000890421
124.998309363
124.999644103
124.998865682
124.99939488
125.000430792
125.003538528
124.999373549
124.998711292
124.995728555
124.998603406
125.004561096
125.000659653
124.999837317
125.000945483
124.996920124
124.990012155
125.002874634
124.999871056
125.001745903
124.999456386
125.000894184
125.001132048
125.005697314
125.000257936
125.000450128
125.00027598
125.000126988
125.000695796
124.994389726
124.999615652
124.998880139
125.003542856
124.994892745
124.994944942
124.999450719
125.000583004
125.001521501
124.994856878
125.000913349
125.000832721
124.996303794
124.999035212
124.988275388
125.002108579
125.00632336
124.999663715
124.999321678
124.999233055
125.000004349
124.99654459
125.000502958
125.000458895
125.000580338
125.006775821
124.999767464
125.000049803
125.001483115
124.998765377
125.00398279
125.001674445
124.997727328
124.999487217
124.986305198
125.002379099
125.001425422
124.998007711
125.000358976
124.998373426
124.99777191
124.994904988
124.973076123
124.999213558
124.998477489
124.999899401
125.00078714
125.004072318
125.002486936
124.994893655
124.998177573
125.014471654
125.000566204
124.999170702
125.001832269
125.000015001
125.000009461
125.010279459
124.999457629
124.998713398
125.003850693
124.999182663
124.997257756
125.00012017
125.000903468
124.998237844
125.001378759
125.001945626
124.996924982
125.007986191
124.99969745
124.997274255
125.000330258
124.998354727
124.997903351
124.993184679
124.995285195
124.999695618
125.009356351
125.000192455
125.001228883
124.999792642
125.001785223
124.998725105
125.001206978
124.99562265
125.001263186
124.976499821
124.99656898
125.014949271
125.030516774
125.000663398
124.997442503
125.009353154
124.974867908
125.007915672
124.996563102
124.996918313
125.006117188
125.001618451
125.002519768
124.999586972
124.997338359
124.999083997
124.998629156
125.001127073
124.99950609
124.998455476
125.003381297
124.994303579
124.999208782
125.000365795
124.993759234
124.998421363
125.000574695
125.001561385
125.00161651
124.999613029
125.001633384
124.996285523
125.003340004
124.996798519
125.004232595
124.997038509
125.002108575
124.999169646
125.000073354
125.000780293
125.004662251
125.000415912
124.998456031
124.997938903
124.999444669
124.999650402
125.002224593
124.997366851
124.993014366
125.000894558
124.997564205
124.991532572
125.017145773
124.999626015
125.00772959
125.003146981
124.999129801
124.996398097
125.000477435
124.992175324
124.992670071
125.000209741
124.993649968
124.998024191
125.00712901
124.99703111
124.998560022
124.992754581
124.999706596
125.004158107
124.999820376
124.997140827
124.997329359
125.001792203
125.001255596
124.99904365
124.997470876
124.99889825
125.002414911
125.002168774
125.000535505
124.998843986
125.000581136
124.998960373
124.998993361
124.997435659
124.999017038
125.004255788
124.999440417
124.999168774
125.000808119
125.001466163
124.990467609
125.000909199
124.998229148
125.005297103
125.014163481
125.002109465
125.002687191
124.991662094
125.000156937
125.00719058
124.995414155
125.03629185
124.998064588
125.000139196
125.000571783
125.000325334
125.003719908
124.999166901
124.975735312
125.003154997
124.994568908
124.997919472
125.010068733
124.996245479
124.999120898
124.996324368
125.00592179
124.982738996
124.984196475
125.001500483
124.99903362
125.002000926
125.000428879
124.999853146
125.018900608
125.002830809
125.000671321
125.000115557
125.001048616
125.000886327
124.998110786
125.001292416
125.003764329
124.99923936
124.974386774
125.007760734
124.999547636
124.998517867
125.000330129
125.001709697
124.999568575
125.004763194
125.000358299
124.972521806
125.00228908
125.000865425
125.00062298
124.999992024
125.001294226
125.000389572
124.998916659
124.999677935
124.998765801
124.998638468
125.002520129
125.000035621
124.993946464
125.001509153
125.003201796
125.020525109
124.999848919
125.003397828
124.999924417
124.982978734
125.001898402
124.999523031
124.996236474
125.00090781
124.989532628
125.003034257
125.00089406
124.998446186
124.998462437
125.008053682
124.999858632
124.990724477
124.999686142
124.993574599
125.032235992
124.999025751
124.989858613
124.998602331
124.999847003
124.998936082
125.000531751
124.996544396
124.998228697
124.997674674
124.977356952
124.977003288
124.992272447
125.001456949
125.001302998
125.000522161
125.001520525
125.001574451
124.998177484
125.000915366
125.000683103
124.994567789
125.000418413
124.995654892
124.996431396
124.997721058
124.999191409
124.999752835
125.001213976
124.997937624
125.01499563
124.986173778
124.997733191
124.997606916
124.998735005
125.004738095
125.000364401
125.002004023
125.002580292
124.999532677
124.998453484
124.997515814
125.002402859
125.008823606
124.997619486
125.002300476
125.003823623
125.000560193
124.996210194
125.002135503
124.986607882
125.000155486
125.004623539
125.001173718
124.998401285
124.996213957
125.000358456
124.998547964
125.000921294
125.001534066
125.000592403
125.004484059
124.999083295
125.003628724
125.001435737
124.998046086
125.002318706
125.020828301
124.997113571
125.000818963
125.001936361
125.000437007
124.999138127
125.025291473
124.999275116
124.997513491
124.9836036
125.001640047
124.999790365
124.993254563
125.002173915
125.003049531
125.003628342
124.99831488
125.000134924
124.99966905
124.999203847
124.998473924
124.994792474
125.000572406
125.003019529
125.007706487
124.99564598
124.997149346
125.00081182
125.000569475
124.997856356
124.982426912
125.000748606
125.001293252
124.999884801
124.999730839
125.000824763
125.000692433
124.99254117
125.000882853
125.001210073
124.978143684
125.000882298
124.998850273
125.000272421
124.997422637
124.999746226
124.999031259
124.99912882
124.996734651
125.001335092
125.004696121
125.004766604
124.986066187
124.999731235
125.003536667
124.997423841
125.002740198
124.998052949
124.999944843
125.001420984
125.009678661
125.016316495
124.99978616
124.995207828
125.001429511
125.001588818
125.006180348
124.998363041
124.998387767
124.998059303
125.002348658
124.997934085
124.99871681
124.995696033
125.001744156
124.997143111
124.99903854
124.999144773
124.99976567
 FCN=15.9808 FROM MIGRAD    STATUS=CONVERGED      75 CALLS          76 TOTAL
                     EDM=8.98475e-07    STRATEGY= 1      ERROR MATRIX ACCURATE 
  EXT PARAMETER                                   STEP         FIRST   
  NO.   NAME      VALUE            ERROR          SIZE      DERIVATIVE 
   1  Constant     3.29906e+02   1.92368e+01   3.01723e-02   8.33106e-06
   2  Mean         1.25000e+02   2.63549e-04   5.96046e-05   4.98799e+00
   3  Sigma        5.86618e-03   2.08064e-04   1.58532e-05   4.61642e-02
<ROOT.TFitResultPtr object at 0x1ea8c9d0>
